[0, 1, 2, 3, 4, 5, 6, 7, 8, 9, 10, 11, 12, 13, 14, 15, 16, 17, 18, 19, 20]
PAVScoreOfACommittee: 701085789.7197881
LookForEJR:        701085789.7197881
CORRECT

{0, 1, 2, 3, 4, 5, 6, 7, 8, 9, 10, 11, 12, 13, 14, 15, 16, 17, 18, 19, 21}
PAVScoreOfACommittee: 701882704.9094**388**
LookForEJRnew:        701882704.9094**433** MUST BE A ROUNDING ERROR ON DIVISION? ALL COINS IN THE EXAMPLE DATA ONLY HAVE 4 DECIMAL PLACES

[0, 1, 2, 3, 4, 5, 6, 7, 8, 9, 10, 24, 12, 13, 14, 15, 16, 17, 18, 25, 21]
PAVScoreOfACommittee: 702**223067.0546216**
LookForEJRnew:        702**170281.9418644** I PRESUME THIS IS AN EXAGGERATED VERSION OF THE PREVIOUS COMMITTEE SCORE PROBLEM


